         -34.15    19.9      
         -33.5     21.283    
         -33.3     23.483    
         -33.283   23.5      
         -33.2     20.867    
         -33.05    25.717    
         -32.2     24.55     
         -31.548   28.674    
         -31.533   28.667    
         -30.85    26.883    
         -30.8     26.883    
         -30.4     30.667    
         -30.15    30.067    
         -29.7     31.05     
         -29.217   30.0      
         -29.0     29.883    
         -28.95    31.7      
         -28.933   31.7      
         -28.6     20.35     
         -28.567   16.533    
         -27.417   31.6      
         -26.817   26.017    
         -26.722   30.912    
         -26.2     28.45     
         -25.983   28.133    
         -24.583   27.417    
         -23.867   29.45     
         -23.845   29.459    
         -23.824   30.329    
         -23.6     28.383    
         -22.55    45.4      
         -22.333   40.333    
         -22.058   27.829    
         -22.018   35.313    
         -22.0     35.317    
         -19.883   32.883    
         -19.75    63.37     
         -18.533   25.633    
         -18.217   28.933    
         -18.183   31.467    
         -17.932   31.093    
         -17.917   31.133    
         -17.822   25.823    
         -17.817   25.817    
         -17.8     25.817    
         -17.633   48.5      
         -15.683   34.967    
         -15.679   34.974    
         -15.317   28.45     
         -12.917   34.267    
         -11.9     31.433    
         -10.339   40.182    
         -10.267   40.183    
         -9.55     16.367    
         -8.933    33.467    
         -7.669    35.752    
         -7.667    35.75     
         -6.17     35.753    
         -6.167    35.767    
         -5.597    12.188    
         -5.55     12.183    
         -5.083    32.833    
         -1.3      36.917    
         0.404     35.239    
         1.543     11.581    
         1.583     11.567    
         1.733     40.1      
         2.076     11.493    
         2.083     11.483    
         2.25      32.9      
         2.283     32.933    
         3.117     35.617    
         3.122     35.609    
         4.747     -6.661    
         4.75      -6.65     
         5.333     39.567    
         6.33      99.729    
         6.467     7.55      
         6.474     7.562     
         6.516     101.283   
         6.517     101.283   
         6.933     122.067   
         7.167     3.333     
         7.362     3.978     
         7.75      -2.1      
         7.817     -0.033    
         8.017     110.617   
         8.667     3.383     
         9.15      92.817    
         9.183     105.15    
         9.267     79.3      
         9.617     6.533     
         9.652     6.462     
         9.767     1.091     
         9.767     1.1       
         9.778     98.585    
         9.983     98.617    
         10.05     -2.5      
         10.38     114.37    